8284
2694
8753
9735
3778
2577
22946
15129
5802
22662
19672
6920
16626
8080
11227
10457
12057
23864
9665
9373
21718
8326
11756
17118
2404
17231
17182
16121
3413
9465
14815
1245
16986
20697
14102
13014
1924
388
8091
140
16197
6717
17155
20396
18956
242
9624
7964
3570
16277
22926
14222
6074
11335
13261
7768
10746
10700
9382
745
1521
222
22758
2442
15994
6357
5702
19767
1020
6701
2427
1459
14877
1973
3646
1053
21444
18352
23178
3214
24093
1688
12573
2398
2329
19096
1387
7296
2403
19821
10175
736
18134
4123
6822
616
19804
13751
12997
12291
1276
17251
9428
1914
8593
22757
13610
3206
18943
16546
19646
8154
5472
7613
6693
10048
20213
10437
14361
23158
15726
20936
16035
6382
3612
8945
4246
5146
11904
8456
21883
22713
520
9824
20291
23626
22190
21147
8828
14982
9047
7753
22975
19528
20376
2728
5981
9386
17656
13945
20146
23028
7513
5445
7050
23249
4882
4150
11091
11897
8142
2247
23788
14729
9823
3851
9491
13148
17699
17377
4206
24002
19838
23121
16264
15929
10675
126
18402
12835
2112
20023
20780
13271
7869
13912
15984
20693
21039
6185
11531
14606
19157
18259
24216
10593
3716
18223
12959
2852
7800
2819
7858
15105
11584
17988
8522
14771
557
3552
244
22418
14699
22449
16098
2966
17219
1082
2128
19654
16840
17637
4167
15113
4126
2090
24042
6707
19432
11763
7904
1920
3393
9724
13399
13872
350
20789
19561
849
19902
4108
6493
4343
20881
23340
15148
7434
16475
3730
7104
5567
14413
18082
8004
14650
9795
1708
18377
10968
23946
18844
11634
7508
22578
15455
20795
144
21661
20997
1337
8968
13987
11488
16127
8551
3640
1777
20105
8568
8108
12936
22146
12402
4591
4223
20775
23038
7957
18862
20452
16541
3049
3128
13580
1176
14666
19684
961
2102
20823
854
2022
10782
22751
9429
10855
6371
9200
12985
3349
20849
5429
12979
5259
21509
4013
8321
19160
17550
23539
3414
11879
16794
2845
8272
6612
23878
21391
11210
7110
2521
5128
13913
18399
18609
7280
4714
23066
11073
9524
13758
4071
18869
18650
21374
24182
4646
7517
16204
15747
5379
11580
18225
13262
16135
16444
1812
5068
23504
17255
5455
13657
16169
2610
24333
6461
16947
5956
15916
17644
2722
14925
22392
19233
5813
7088
15847
668
17459
8141
15524
19346
17438
23231
15303
989
1779
17213
9947
15286
11443
13237
18404
15712
22174
513
11674
23755
20932
3710
8310
23971
7976
5560
10414
23571
18973
4587
6446
1884
7606
4740
6361
2899
12860
671
2545
18684
19008
9792
3187
22825
14821
360
7460
23763
13491
4305
22263
9427
22770
15492
17437
8101
24114
15848
2761
7109
8368
4226
19074
18286
1279
2007
16702
3483
837
19734
14530
19562
20295
20790
5737
156
11533
7119
23350
5409
10208
15378
17083
13087
8576
2025
7349
4696
21178
7161
22729
16436
19614
1969
19731
1352
1822
10987
16403
1511
13037
2911
7592
2906
7954
22274
10591
6320
22627
16767
1561
12124
20248
1173
5130
24140
8085
15663
22816
16597
4706
13584
5806
22404
17534
14531
17223
19665
22658
203
11399
3228
3673
21127
22402
9081
14201
77
12128
7817
9777
5681
9641
13329
22793
8493
1717
11901
12359
2449
7766
23827
2624
18475
19470
15706
18030
18968
16554
22075
21031
2039
16454
2731
17836
7705
11566
7917
22041
22985
21815
11792
10390
4635
952
5315
8176
15676
21616
21622
4780
2834
12677
21048
19785
19539
22324
18604
21084
18594
8040
6306
15116
22773
2634
17723
7995
12836
20403
23029
14926
15717
12298
3133
18728
548
8316
351
13316
1764
9371
9630
18194
8072
17774
23323
8068
14405
5558
21500
11285
15391
23279
19310
17071
7857
3407
11895
22170
7089
14753
6415
12362
7958
145
15566
1174
15576
5881
23426
22601
12545
11776
15179
8770
11849
10423
23996
2974
6995
3027
1737
18857
4367
19644
3189
21440
4072
14356
4168
18357
11730
608
19597
1393
19082
24255
15244
1929
15031
12141
4503
19409
3463
14878
2023
12961
15646
20830
9131
3006
9337
15612
7554
17082
2841
935
20468
14108
19073
23200
9638
11038
14616
23849
2017
19458
22313
13530
13840
11397
21326
20521
17990
2711
12321
4792
5856
2982
387
7736
7762
10090
19445
13318
1418
22489
19839
1169
14819
15830
11820
4298
20009
9619
5942
5187
12017
4697
2286
14137
5473
2051
5282
21117
12847
16300
3932
949
1214
3177
5077
21590
14842
7025
10052
1922
8524
6784
4687
17288
20471
10679
8463
17134
7407
19330
10914
14589
12080
4196
4665
24188
21588
5336
17911
16177
11175
19368
5134
12841
23440
10976
17938
22499
4995
4014
2024
23646
13408
22497
21760
2244
20772
14169
4837
2854
13415
13672
19875
11903
8287
458
5467
22889
13428
10931
17665
22544
61
10179
15958
21188
6031
6582
7564
15219
13204
12683
1449
7540
6304
13410
23891
6437
9829
19628
18069
7426
212
13102
21582
13331
12329
546
10934
20101
302
7661
16918
4376
14210
8781
6163
9181
9098
8467
14735
6333
17931
13853
18127
6974
20429
2843
6027
11214
5164
19239
18983
17608
13805
17351
17984
12765
278
10960
10415
11971
9508
14490
7911
22794
23015
10880
103
3835
12587
7244
2373
5107
22551
23054
18996
12286
19685
7631
7809
2534
6069
9259
12932
5403
16552
15645
19653
7391
6950
7055
73
740
14549
12347
16666
6931
9161
22979
23414
21346
13984
18825
5685
6113
3433
12687
7589
12608
21211
17383
19803
14346
1084
3431
1039
6581
2187
1793
6875
12087
14696
9882
23844
4203
16860
22413
598
22365
22270
14776
4040
12724
3703
21145
4229
12491
9197
7737
15272
19117
6164
14139
22904
920
1951
10321
7390
15366
3096
1557
23840
14042
14901
22505
15700
11082
9915
21112
13295
2585
8806
22395
7312
18004
20037
9453
8989
18410
7898
18346
23966
3160
13646
17088
14069
10823
12423
6438
6579
20525
5596
19475
2094
3782
1206
13968
7597
13459
17960
9270
19288
20865
734
14513
10945
16015
12856
14930
22803
24210
12899
19059
2488
3946
20708
8946
17815
1081
5987
21914
8804
7034
14645
3821
2165
3486
8649
16877
23893
20193
14251
7488
20809
5265
6322
9476
17619
22039
11078
6966
1749
3590
3859
21753
7149
20773
14580
15772
15170
6724
13714
11983
9082
18033
18510
14730
20407
22482
811
14684
5740
17525
2485
3757
11573
4817
23305
20600
2354
14899
21002
2401
8710
6992
9612
16161
5537
14983
22435
3026
10356
15735
15710
22466
7194
10486
4468
15698
8461
23378
11427
2191
22327
9121
7511
6362
20913
17676
3729
12163
20426
11890
12564
20197
21166
11972
24030
3161
10305
18048
15868
14919
22743
21205
18733
16713
20956
5072
19690
17391
2240
9265
9796
19918
14790
5
15914
9177
12437
14149
2367
6459
17634
12834
2031
15896
18181
2067
16924
16465
10290
21882
11205
5200
18458
16084
3048
22802
5807
19143
1876
15738
18254
12271
1386
8552
18049
19181
19751
3709
18497
1234
1383
14944
605
15722
23916
21880
7011
12501
13407
22077
6964
15312
24025
15849
20891
22888
2299
3223
20233
19327
11593
7432
4121
2955
19427
7974
3609
4625
8763
13604
20625
10771
8795
19083
12036
4424
13169
13754
12753
1627
10173
19500
16907
10012
14557
5609
22659
10952
7524
17804
12866
20132
8135
16380
16089
8347
6797
16886
13017
2572
21571
20470
