16213
23345
14960
19135
23467
4592
3011
16704
21871
1504
18766
3276
15387
23533
3600
20354
560
18693
11789
13282
20262
2258
23671
4991
6039
20032
21969
21521
17950
22622
2872
21585
22674
6183
16777
20412
10060
11839
3531
19717
10059
10873
11330
15458
20758
6122
10680
23335
12964
9294
2139
12911
19321
14636
7643
6464
6644
22914
18427
19188
23803
20727
18148
5162
16729
12830
20235
18601
19107
22906
10991
14020
10308
794
11547
8317
3698
17535
13542
22055
18886
3312
10910
17518
19842
18047
3846
8013
6476
7797
20760
17753
16780
21113
8990
20224
18282
1945
13441
23518
15394
3374
13663
1168
14200
23992
9235
21971
14061
19729
21825
17681
4680
15629
11021
17467
21823
16825
17640
19006
13918
4559
9424
10829
17876
11509
12785
8144
661
5314
10092
13414
1983
16071
5100
8490
20340
10583
22164
1726
5415
565
13972
16411
10755
7117
19775
21652
19093
15887
12312
4190
22861
6531
6424
15643
1018
2686
21888
22838
3164
21416
13202
7301
18178
13047
17909
8893
12626
2620
8721
4288
3042
14526
9024
21116
2302
15438
10311
19847
13069
1451
21003
2246
1347
9623
23944
12516
20824
12609
7473
667
7272
2276
19258
4721
442
11575
1070
9598
14571
19629
14302
10371
15089
24038
14352
10458
4329
19219
787
172
1351
17487
1802
5499
22693
12797
7257
507
21451
16909
23569
2498
8414
1414
21300
11589
15508
14350
4722
9949
19991
19602
13802
14762
8134
14271
10768
8877
15240
21692
18585
22714
17929
7077
8110
2118
17692
18782
4619
6435
10622
17177
23693
16461
19086
6604
6615
5966
20562
890
13927
20814
18338
9939
4285
9264
20039
14241
3942
2378
2444
20478
8815
7988
2783
16737
14506
2315
22430
18549
22
21160
21438
8251
8011
15057
6647
15420
1436
7377
15149
1814
1795
17869
9661
21927
199
4849
4336
15900
18873
11617
1800
6556
23238
20182
10734
7548
9084
8650
23985
24326
24148
4910
549
10879
1271
12037
21946
16040
20135
10388
9550
9500
17614
10246
5113
6293
18097
23696
919
2305
8574
19863
15021
10360
23751
21704
8476
152
13817
4496
20755
19590
6504
19968
7772
23765
12895
4881
5103
6521
18868
18624
13070
16351
19702
4594
5762
8812
5004
22080
17720
14796
17961
16119
21565
21520
19977
5427
5015
7670
3892
20021
19376
17376
6245
13990
13192
4911
18867
18830
19707
14587
1348
2708
18370
7299
11517
11240
9341
2035
14176
16803
18171
17140
1524
16883
2719
14737
921
7160
149
2632
4111
7187
10923
23403
17016
5871
11832
14841
20547
11958
22052
23832
19105
13060
19018
12352
2784
393
23790
11949
19340
17546
24117
2750
18118
1226
21457
21114
7230
6840
13756
2833
8758
23397
21056
23999
9318
23592
16014
14487
17907
21668
21070
13346
19262
7697
7870
10292
23422
23670
9477
16851
18391
18858
10435
13641
20119
7269
10261
12086
273
3415
6542
17884
4990
7483
19190
6529
15744
12052
13458
17292
2425
5220
18387
12285
23665
1934
15136
20827
19448
17517
99
19482
7477
15114
11444
3642
17601
22242
23789
1207
7663
6292
1644
24064
9248
3578
20399
22932
9992
22225
5284
5598
20501
8429
3345
13448
5999
22285
16997
15325
10858
13936
6484
12527
23196
18970
2138
10657
12045
12183
15975
17573
6846
15764
9170
5070
8969
5541
22523
19436
21930
2363
8700
22275
8799
7371
23622
2119
12335
22680
5031
13302
22788
5527
2482
15602
15548
4037
24028
17635
17448
16096
18365
22229
22023
1052
21289
10726
6663
13055
4236
5623
18333
8489
5732
19564
5621
19648
19686
10424
15733
11668
21446
23917
5375
12514
3371
5954
17908
1409
20251
3146
3294
4836
19271
4366
14150
1197
1444
11742
7789
9677
18836
14215
1405
15134
21786
16987
9314
17100
9538
22984
1995
9700
13345
14457
22468
23566
23805
1704
16313
12180
4702
22181
2047
6489
12859
21561
23595
17289
15678
18413
4418
19745
11623
13101
23204
692
9411
10989
672
15630
17630
14942
5481
23120
15980
7066
12229
4274
64
462
18703
21577
334
21528
10561
1671
13373
3926
21679
13541
12341
11101
23313
14406
8833
21088
10585
16486
2130
15112
15895
10445
12421
7779
8400
1986
6800
2011
12984
2408
15836
13718
24308
6483
9380
23063
20375
18450
13845
13986
8391
16424
4045
12962
19790
7918
11838
8941
21195
2330
14476
21330
2060
7352
19787
4019
15230
4876
2883
17215
23010
15375
23095
21975
13119
2829
16471
23914
19316
21606
22641
6071
19759
22312
21460
16859
24068
17976
17365
8133
15863
2245
452
3452
21951
21835
19442
6068
6133
4915
22106
4919
23046
6041
995
17935
4411
23364
9995
4379
592
2278
18081
3159
591
4957
19480
21190
16796
21267
14828
14384
19577
21181
2180
16961
17598
19852
20505
15315
20967
2057
7903
720
23895
14811
9293
9038
22206
3605
1264
19229
16224
17303
16628
10698
22114
13501
10225
2117
18537
15909
21549
10522
20784
2316
16353
23217
20410
1746
21252
21778
22726
17208
9162
9226
6348
17129
10481
11208
16102
754
831
12920
11767
3819
4402
3455
19128
1180
5227
5830
19351
4416
16892
7162
4302
6062
15805
18734
20102
13562
619
23391
10287
88
5420
23957
16760
23722
10178
18519
22407
15130
21891
23583
3174
8729
10614
16995
2207
6622
13517
10479
9651
799
12631
19201
9837
5901
17749
23768
23252
21867
17833
8652
14957
24238
3589
493
12901
5765
21474
11245
7317
2945
5859
10209
14732
23523
10447
17696
11666
3655
1313
2268
9697
20744
12731
1143
3799
15252
20361
17478
24121
9557
1598
7611
12582
2844
17867
23485
23129
475
24102
2664
24116
7792
16000
13179
22878
21838
6860
7933
21028
10286
3728
21477
14528
21015
7472
4585
16217
19476
7279
24257
6410
588
9094
12978
1438
16958
13591
6399
13462
2033
4816
18448
3930
19414
14975
18642
6251
15967
11256
20923
435
8020
13255
4549
389
11848
4757
22611
8449
4212
13693
20901
183
13476
15583
2779
14759
20877
8785
11087
15274
14351
4703
957
17572
17752
16915
4724
18719
1076
15077
16343
14594
944
18278
609
2340
20188
19324
12297
17090
9433
11996
23545
22922
17627
14415
17125
983
18250
575
15490
17669
2522
19944
4736
16429
18210
11802
20607
4454
1620
5293
8988
7796
1026
5975
10549
23197
10998
13513
8265
8361
14701
3101
22056
5733
1971
12207
12464
11337
13031
21820
18714
24331
5497
20042
22902
10579
9572
12813
14747
23264
11835
1965
2682
16328
13227
8123
13865
13475
8546
8736
8010
8926
4710
18464
15068
6026
2977
7107
16782
8426
8180
6390
2771
16140
18591
16497
21189
19408
9452
4185
9854
15935
1319
15728
9858
17041
4240
8403
5278
4933
22371
12800
18296
20321
18220
20880
22728
5739
9178
18019
10164
6861
18504
16922
11403
22069
19673
14445
19109
8776
4993
23056
11105
19980
9053
10241
21420
18727
7419
14120
13875
374
22348
4637
22059
3953
18513
11061
20020
14976
12267
2551
8858
11962
22292
16881
15670
11984
7832
1918
19309
10523
6536
16181
6672
7403
20312
9123
3564
1431
15396
7650
8037
12289
2208
6148
22684
20855
23580
7733
20716
5174
14380
14066
8944
21728
4947
15014
3656
7815
12989
10021
16058
9242
15415
1948
13870
19801
12606
17790
14977
14195
20205
