1440
20351
14895
7422
4636
9617
9115
13290
18168
14050
14862
16754
1816
22981
2920
8979
2593
11433
10475
5322
4325
21974
6688
20699
23911
5951
8017
13305
13016
22916
8128
9914
11059
8508
21495
4550
875
6087
5320
24281
11529
12254
23128
2980
5507
2224
15750
16742
4245
12975
5959
14685
18013
4611
24278
15934
18845
13356
1990
6855
15427
8783
22798
1051
24227
15825
19618
20588
22084
17802
16660
12869
10701
19485
3322
21863
23532
3156
21530
21379
22016
6785
785
16632
9803
8718
9113
21821
9144
15485
15788
22785
14086
19754
12577
5793
1583
13269
15161
10293
13022
16196
2542
11299
15200
14083
14370
9398
14498
13724
19506
7607
21223
11819
4415
11242
11648
9855
6857
9374
23494
18491
927
7356
7757
17813
362
16535
13561
4843
23897
18617
19540
10806
2737
4670
13695
1086
19385
17290
19518
8079
818
22244
30
498
948
13552
16790
9791
23396
22923
10211
20839
19361
4011
1893
561
7765
21902
24289
5402
17536
23059
13894
14772
23631
13931
2213
15829
8645
1404
12879
2718
3285
8846
15947
4489
19657
18434
9775
14211
13161
9513
8270
16548
19671
21388
10760
9205
24031
5945
13123
101
18055
13379
21404
7752
4903
11726
18722
17247
19957
2904
9591
16967
21796
21922
23374
22456
11854
20656
23460
21089
17233
7497
23772
10083
12056
12153
18994
8759
15879
3338
15993
3672
22618
20492
8416
1994
19570
3390
14428
12832
13704
14784
19931
10129
12099
10634
10769
803
16235
21847
18183
873
21111
9975
16603
13434
8910
5589
17772
1125
7623
15928
6082
23820
10988
21541
17686
21235
4361
8468
20097
14138
8572
12497
3982
13007
23258
1885
17549
1975
6351
792
24144
8894
10944
3720
20610
11361
17512
17153
21636
828
5254
18085
10762
7183
3537
13488
4300
4955
15099
4929
3013
985
12015
8359
22573
4525
20792
20453
3838
10819
17326
5699
638
16818
1722
21109
11738
2227
7489
19481
12804
15431
13512
12625
8829
15139
16501
23092
8520
4753
1985
21758
5110
930
19633
10864
2351
5383
11975
21998
19631
7510
21628
12189
14254
3093
11703
20368
19575
14688
16230
127
4764
13333
22118
23140
22013
6077
11065
3910
18859
15403
1211
2028
21968
23880
22697
9933
8715
4050
3326
16941
14053
22060
12853
8583
19275
1150
13084
14601
10498
3805
12279
1652
16107
9804
2791
21365
17878
10816
20829
4802
19911
1467
24125
7526
23680
14402
13095
19254
16033
22397
2701
20500
607
5066
4853
20043
18340
6781
779
6965
6816
13001
8887
14800
14524
9022
19313
5986
17861
15927
15297
11781
23701
21449
20220
8052
2467
1847
14450
10471
14193
10190
24071
15647
17342
4214
11192
11243
17409
7905
8405
2795
7515
18861
3052
553
21493
6738
16759
6807
14253
20469
6733
1992
13036
4036
8432
17163
13510
2046
16148
13291
16304
11248
23882
17300
10836
10969
12250
11752
20258
9909
9257
1048
10558
12953
10919
17052
16815
8680
18627
17145
5180
24156
13369
20149
17606
1141
18738
10652
12022
13296
21331
14653
17710
16934
20239
1596
1474
14908
15922
16747
14364
9960
4430
15452
2395
13465
6141
7481
5665
24330
21673
17327
2970
24092
6093
8504
23894
6017
12326
19381
8951
7855
5391
13933
15489
2260
13466
1776
9660
15040
5639
24327
16864
7894
11103
238
20199
9203
10419
11881
18713
5016
18080
18126
4477
19099
4490
2370
9900
7867
23662
6168
21803
19370
20886
13133
1492
21752
23307
11155
13554
21005
23525
9593
1837
19836
23039
15762
7068
12026
5236
17407
21080
16784
15119
24015
11549
2563
7920
8802
7555
12033
19452
4610
7362
18479
16110
23691
17949
19744
23732
11678
13518
10232
13979
19149
16844
2651
3714
14204
4104
4101
17748
14890
10677
23112
6951
21515
11153
12332
6922
19042
7739
23544
24183
20993
7983
3522
5549
17253
21072
19651
15519
3923
13150
12325
22621
5346
10434
14303
19727
2532
16854
3246
12709
24202
11853
3292
2106
7266
11548
15365
23199
18040
11394
347
143
13975
17382
11422
12980
20278
15095
14085
5184
18964
16480
1288
11463
1338
22815
10682
17677
4926
19062
24134
14891
17185
8155
13174
15685
19908
7514
12922
471
19497
7943
6427
23198
16406
1123
110
9590
11651
11615
17046
16094
1694
8516
10276
8286
9542
19856
12390
23424
12253
15229
16970
579
22047
13614
15350
19372
20661
19942
9712
13607
21773
14715
7778
18478
2538
18068
18619
593
9723
8264
16957
11995
10168
3250
14065
9225
23767
9005
16039
12486
20778
3644
5773
9402
7465
17010
18987
1831
3419
9284
7029
20645
2379
17843
13299
22155
12712
2628
7844
4949
15066
881
15349
24061
11930
4445
7148
3012
2866
10439
4968
17792
23007
6194
13670
15006
14806
6841
9247
8614
4091
18896
2248
6350
20964
819
3648
24104
5364
18376
10957
14186
23506
17172
5914
18246
2221
6577
20803
3576
20012
21308
4643
7824
16202
3677
6209
4419
11001
5137
22521
22122
2637
13653
8972
15081
19390
9194
9183
38
119
9101
4331
3495
4804
7067
23704
3144
8772
19792
22873
17192
20377
5933
10534
24090
10530
21886
5864
2500
11025
9328
12095
3408
15578
14493
16051
11067
8157
24191
5525
4277
8007
885
13900
4613
13252
11392
5181
19393
23251
13939
9461
20254
12774
9920
7304
4207
20103
19880
16993
10964
2055
2825
8282
3097
1579
11511
11445
6497
14739
22195
23050
22344
21681
14208
6451
13787
20875
8035
22049
4409
19788
11341
2938
20920
3436
21194
7835
3464
7811
16846
18961
3472
13260
6349
682
8892
21733
13628
13768
9710
17392
4462
1223
16120
20724
23082
21321
17746
6257
9556
15954
11729
18543
6453
19619
22044
15357
12812
7676
14937
15727
11935
17599
21850
1821
17565
17880
21848
1253
11953
1678
17874
23300
3351
23483
14697
14787
15013
9876
10282
3233
23568
21791
19757
410
23147
20506
310
6191
10885
19424
18188
23994
2396
4166
12112
22929
9594
9562
8401
271
19234
4061
19365
5366
5394
11645
13558
6930
18062
536
1371
601
12205
5725
12554
21511
15891
11771
21782
23356
10158
3918
10568
4179
7923
17538
8560
17054
12642
10660
18850
14395
7921
24232
22359
1092
1830
4701
11571
10363
5230
499
6811
10307
1374
7660
1769
14438
20483
2588
17068
1130
12686
5057
10839
7100
13297
16779
5303
1551
16266
14775
9056
21698
18768
17340
6546
9316
21938
2368
12076
291
14631
12098
2867
8730
22332
23071
3471
13275
251
12259
7878
23673
5671
11757
400
926
21140
7830
11193
21337
20542
6375
12867
18986
22607
21282
17851
15638
5036
15187
2814
14112
8973
10979
21009
17256
428
20025
21746
21403
4930
51
4204
6491
6916
18695
17974
14992
23650
14320
11195
13074
5218
81
13163
1162
20451
16068
2992
18227
8505
9976
19503
522
5460
5249
6403
17316
23239
11435
19123
19165
6475
18871
17304
11863
7438
6832
2438
2860
408
5466
23857
11301
4782
2986
23020
3404
22787
3581
8002
16687
10171
9828
22142
12088
18673
23488
3517
22604
10897
2050
1283
21103
14155
21283
7446
24142
20593
17086
24316
16233
21110
1102
21351
6989
2801
18492
20422
23742
16151
344
5443
6444
7208
16690
6200
9336
7528
2606
15652
21595
8240
6248
5328
6938
17870
6488
24192
21708
14520
1842
1060
20715
16099
20689
21566
14157
12109
20369
8681
7871
5619
9268
13065
21834
10501
13243
12614
3201
15351
9783
5595
2956
17062
2689
490
9834
4888
1376
4683
16337
14574
9443
7372
17465
19998
19426
2820
20279
17280
3632
18599
16428
18545
21157
12828
20673
1268
11324
12763
22018
22615
21532
7242
10651
21132
841
2816
23778
14414
2514
22492
3668
13850
23025
1463
19469
19877
24014
14953
3418
21785
15333
11870
17832
21050
4360
21540
19208
14945
14855
13416
9870
11009
9403
23730
15591
16706
18295
15012
16519
5690
761
2557
3970
17816
70
14132
1433
17524
19382
6580
8851
13601
8369
19278
20015
531
20551
20618
8257
10272
10034
22217
7263
8765
3084
18581
5486
3817
22582
23842
7934
11643
9545
4986
20065
3981
19222
18953
1247
15399
6300
16724
6013
4213
5844
20532
3696
3906
6651
22248
13686
6173
20675
23064
23017
17629
6134
11
15224
19322
17778
1202
19604
22524
20583
15610
6727
15713
10054
1448
5996
21550
