22302
14276
21741
21382
7794
20538
12764
9873
4113
8971
13176
9255
13566
4169
16749
9030
1239
3127
22795
8496
16685
8986
13208
12628
2910
13413
21928
23618
14292
13120
10538
21833
9150
22638
24217
10484
676
494
7394
788
12525
10336
4894
7310
14893
14624
924
3037
13098
1897
382
20526
20836
9028
8483
12715
13457
17127
13852
225
18067
839
23627
10284
19712
5847
11793
1522
11423
19620
354
23330
17146
84
9865
14006
19583
18109
8840
23412
24259
4746
22701
21757
563
3883
18681
5934
23614
6462
21822
6658
19632
23501
20507
13199
12977
17349
23152
21429
7348
7776
20217
6253
17626
21562
5509
16686
11948
20360
16447
632
14561
12399
12700
15912
16273
10696
399
3363
15079
1468
16186
17157
425
7480
10406
14610
12662
16787
23372
23035
308
11501
12082
13335
21963
19102
2525
1258
13436
7270
20529
24162
20385
23216
16964
21023
8417
15406
10288
20654
4521
4720
1479
6952
16305
21395
16378
8570
2251
16900
24305
13964
2700
16397
13433
7521
21654
21839
15537
16145
16662
3068
6228
20125
16220
15946
4105
7430
18274
9986
9599
695
23836
3372
9505
18358
179
7557
20086
17733
6140
13443
23699
13224
13230
13042
18314
14121
15101
2355
19525
10933
1839
19521
3478
20569
12670
16291
1815
1536
9085
17261
6448
4136
21094
6980
16410
9993
4917
18298
4921
20543
16045
9414
18746
23043
21335
19543
2328
19670
2554
23905
6291
16063
9844
12586
760
4170
3966
16601
16487
17147
4787
10981
22287
8865
4066
12941
15941
23921
1797
940
23080
23000
10270
17195
3515
20298
10702
8150
1545
9802
12952
23081
2167
17035
10427
3317
5826
20850
1713
12969
10269
11353
11328
11773
14973
11686
13498
23546
1158
8320
17828
23672
5982
24069
13786
23341
10013
3254
21869
6764
20614
21693
17414
10400
18379
11965
23113
22579
16405
12137
1534
19283
3715
11485
21402
465
19569
17422
7075
15282
8325
3580
527
17561
13837
20552
7130
10956
2901
2851
10799
15193
14484
3335
19315
10572
4526
5476
8071
23824
9438
21742
15173
23168
2898
7435
5457
12199
3179
870
23449
4080
4043
8097
19246
4699
4685
21619
19994
11585
7368
255
9210
21795
802
15765
14267
20852
2574
11538
20104
5657
13303
6025
20003
22749
14583
7680
12557
16894
11769
833
17542
22498
8303
21134
9945
19069
1382
21264
7504
18662
23605
15461
3432
176
18762
7862
4580
4309
22108
1419
23395
20609
1066
16617
629
4069
2780
16999
18729
8875
3398
16357
22454
21830
5580
10888
12949
14906
691
12453
23858
13830
9436
16193
3735
23508
4429
424
13977
17883
677
7896
21312
18488
14921
1581
13034
16412
9614
10409
3350
11565
11166
6010
16532
3832
14679
1294
13062
5115
12090
14501
11137
20463
23077
24157
19065
14656
18688
453
6649
14367
622
8186
19890
5564
17694
22053
21273
130
5766
5689
7619
3865
3541
1547
18563
22445
14417
6108
22940
13778
15902
2533
18330
1680
10096
3441
4758
5289
9887
7684
3705
10133
19949
6450
8620
17850
22135
9379
10535
8625
17334
8008
3380
17763
10166
7986
5979
3140
600
6774
21980
5374
20302
9451
8167
23828
10047
4689
7069
12073
1370
20223
14801
4242
16699
16893
16056
12476
14234
5827
4896
13500
16688
9743
16630
21208
17430
14453
2466
11454
8370
6674
9031
11671
10674
18706
12305
4318
14508
4201
5376
7682
12541
1649
9143
23980
10066
5751
6431
15007
5991
6145
832
346
6572
24105
16508
18554
237
17871
23823
16106
23863
6882
7519
16318
10391
516
21637
8784
1494
17592
11172
5197
20364
16996
9565
2200
22282
3555
14981
22010
18890
6255
303
1359
20022
15881
17133
8285
23674
11115
11798
23784
3289
7761
21502
13460
10100
3996
24243
646
3855
1835
7516
8597
7649
22853
21901
6806
17186
22828
1360
365
16850
11500
20005
21482
24240
9702
17704
13727
22999
10405
7987
4664
8383
9384
7092
11766
11260
19111
1356
5647
20338
13738
2918
20155
21284
895
16329
19395
7177
7657
3707
16558
14199
825
11607
22560
221
23500
5480
20845
23057
15022
5706
18985
6250
973
2789
5421
1808
3652
3823
10875
21997
16361
15890
21204
18528
1889
10557
198
19527
13116
4443
24065
2595
1456
16698
8482
20557
23983
24003
15720
22396
15337
21436
20466
16576
817
13341
19797
3402
9435
7925
10436
2561
22178
12648
14485
8082
18406
18036
21295
9470
16464
21441
12966
8936
8722
6329
185
5882
7624
18847
3544
12062
23556
7880
20837
12645
20428
15634
10106
436
4353
20859
17620
17281
2622
21026
12201
905
19410
10226
11408
5511
11619
9479
12373
3502
7864
4756
14359
21767
21033
15027
7740
1390
6534
20169
6900
14032
16976
1428
18562
13394
16401
3887
6614
16591
76
23493
4222
22352
996
23621
28
16332
19341
11704
16743
19592
8168
17556
951
16781
327
3362
16838
20681
4586
7887
3252
11546
1036
6732
19501
22590
18649
23021
23303
14426
16858
7651
10676
18750
911
9315
15080
21748
24079
11391
8395
4265
5157
6692
19034
9204
4866
15506
14657
22783
1255
2228
23517
8075
7211
1061
14310
6198
18588
806
20244
11357
14566
14774
21944
2402
11693
22238
7044
3725
18536
10785
8997
11167
4946
12361
4473
24046
9711
173
22739
4219
3459
20263
17489
2781
4712
5876
22151
918
5620
17294
18098
482
18461
13136
22081
11071
117
18708
9688
1095
22361
19433
20503
22808
5718
17901
1972
10401
9546
11811
8398
20031
18800
10869
385
22744
1535
9765
252
22303
15746
4058
11015
9303
9488
23811
9240
24276
4022
23572
16622
5888
6904
20034
13598
11163
20130
7124
18613
15917
3721
5301
13963
10017
17037
9280
10124
21920
6863
8289
19941
3240
19248
19916
17116
777
23913
4035
1882
11430
21487
17595
5659
24291
626
19054
17447
14272
8030
18698
3169
23634
16530
16408
16608
9139
13529
5450
19610
11791
8160
6296
14339
16542
10243
15649
22367
5493
19301
4407
17057
18669
21299
6247
20445
8666
18395
16822
11761
16232
328
3283
11121
14859
9245
17358
11308
14963
16216
1578
1290
22381
3790
20747
6872
14463
19264
16940
9405
830
12276
9021
21732
6925
13109
17039
709
21333
11818
9730
16819
7640
10939
5475
5112
15603
11356
15157
13100
2690
12831
17899
11695
19984
24164
14128
17658
14768
3625
9886
17160
7273
16637
7945
13091
6303
1483
420
20145
3633
21315
7688
23115
18949
16605
21552
23184
21709
20237
4140
2739
3286
10005
16445
14511
1222
21976
12041
14913
3324
7217
3925
12854
22530
863
14835
5151
21523
5158
20701
23809
9086
9326
16751
3231
18241
24084
6051
13795
9254
3853
20861
20456
15832
6165
19392
15353
6001
11711
17649
13636
19435
23651
12563
10890
8330
16725
14996
16524
15388
20208
52
2432
12395
12422
18935
3979
13004
17955
11603
17471
23934
23960
8869
2501
23410
16722
18620
4315
7385
3321
4349
3772
12972
3595
16841
14779
14539
13447
24151
3085
20749
4801
24307
3688
15302
16766
18112
5370
1200
1614
3186
2576
17415
4885
22840
14998
13576
8117
10302
10132
16158
13015
14113
9826
23019
12363
9168
16029
15737
11817
15779
11521
4278
3916
2231
6835
13063
19473
2832
4200
8820
9347
11158
20604
17829
319
15172
2493
20201
16536
8839
5178
23352
24272
23839
23519
896
812
9391
492
14478
3445
21202
16839
1452
9889
19881
23582
13162
12251
22752
6401
11462
13690
6513
15151
11907
18979
738
2271
12707
13684
18626
12894
21966
20180
8147
18747
21802
7938
16789
22939
22422
13889
24054
20791
660
14581
24089
1653
23561
17357
2490
