5126
6725
7690
3814
2941
3248
9786
13683
21809
1170
5993
21696
8465
7433
7444
19637
14082
6783
7991
5687
15731
22006
2972
23754
9654
7186
23439
13424
9940
7005
3168
6181
287
13450
20641
7406
1016
21165
8182
4976
13616
6492
5646
13520
12730
20669
14162
17266
14718
12079
18801
10342
12061
18975
10478
14562
9691
13370
13606
2452
3120
15686
23425
4357
22715
17366
19269
7423
7738
18739
4345
8651
4869
10159
13029
3975
19658
1525
18304
5898
11891
4769
17405
15933
23438
20698
23720
7567
24168
11997
15904
398
7082
17386
4127
13752
20215
16772
19479
9244
11174
23202
12374
22334
1585
7883
766
13774
4867
14068
11123
2474
18482
20437
12954
19088
5288
4735
23399
17132
11481
2931
5010
12784
22733
12778
13330
16866
11478
12575
20203
11525
544
15632
21249
12302
23777
13398
11682
4374
17103
23941
8817
20499
3198
10339
22509
10377
3135
7622
15745
23526
15318
913
5232
6885
9727
7808
16023
19822
13550
20280
10101
13944
836
7158
20049
14235
8789
9390
23615
21228
9431
20214
4766
16890
3584
11022
18021
14672
13814
10708
2556
19106
18396
16684
22194
20121
8440
13365
13547
20919
7484
2151
23083
21608
23034
20324
22594
17513
2074
4124
21739
1355
1334
15053
10366
9062
20957
12354
8555
4668
4510
7001
6234
8578
3681
3525
17460
15758
4280
19155
939
20979
15131
9134
10930
18319
16676
6094
9100
10069
10147
16619
6772
15621
7476
6924
4545
7968
4657
16093
23099
9629
22945
11017
10410
10247
6120
6715
2326
9128
12420
17982
8609
3976
13831
22791
21531
7070
15162
1190
9486
20594
12833
12023
5229
15314
1072
2146
5106
4674
23514
13085
21068
4588
16442
12351
17754
22559
11596
21180
10333
23311
12850
23553
13012
22519
19914
6681
5645
4749
16937
6630
12376
9122
18892
19645
2473
14965
4652
23831
22957
23331
8149
23030
5552
1470
19733
21831
5067
12413
16347
429
8190
23924
485
10425
20415
9618
13585
7572
10615
1949
826
13321
15520
1931
774
2352
16228
6207
1568
4547
11577
13340
5957
23480
20118
11912
4960
14618
12971
23347
17582
19725
11269
10685
17158
20518
16299
5380
11461
16242
18966
1003
4164
568
21439
19606
18579
6206
2153
215
6571
4772
23288
13929
20548
21489
18910
15186
4472
1997
17150
1624
6423
18969
11942
10102
21687
10813
8319
4032
8642
3034
10212
16718
15018
6557
7335
15981
23513
63
7467
2275
22008
15123
2861
6751
718
15766
14335
7707
15525
18760
20143
14248
14374
18685
2895
3700
3690
23479
13168
4931
13571
15662
7322
14345
9302
5929
4823
5245
17653
8836
4149
13467
6246
2824
17224
18405
1681
21171
18641
12133
3755
9552
12824
13367
16908
15063
15500
13696
21425
2734
8888
15041
12318
1923
3627
20325
5962
21268
9469
4655
2081
1771
9063
16649
1113
936
7975
22485
15619
2001
17197
2124
18852
2507
9713
18083
3208
22007
8550
4799
17862
6547
12825
9020
20442
13344
10109
9421
9747
20707
10612
233
2009
8665
17108
10127
11551
3987
15266
413
12139
161
9207
20110
14829
8184
9227
7381
22651
23847
11386
16551
10893
7534
2499
20883
17048
10545
1277
2026
4432
1302
3508
862
8263
20420
19596
11540
2133
17505
22474
10742
20047
7691
20817
13595
19549
7969
17618
4811
17945
3043
19641
14347
21327
12334
16360
14369
1544
17791
5746
13581
17596
16650
16526
9678
7137
11031
8943
8664
19831
3258
19682
2216
7112
2412
20700
16344
10629
16415
1307
14886
22094
8853
14051
20787
7866
15688
2646
6
25
8967
1388
5851
1712
23752
2034
23922
13292
14044
15642
9165
8808
17023
4391
6788
21854
4842
4660
12211
3962
20029
2640
528
22561
8443
21690
8675
22419
3421
17079
19012
7260
211
18130
3577
570
13662
21536
6988
13619
4195
10918
13018
12350
18094
950
18512
1834
19053
9849
11126
13325
22796
9175
10187
2650
3776
1227
15859
11638
227
2933
10244
577
19678
15964
7566
18818
4784
9973
4350
1119
19611
9790
21705
19474
22541
4603
6121
18297
17477
10631
21424
1300
21218
22298
7575
23085
12851
4781
20573
7190
16129
1322
4944
23799
7013
21413
20308
8175
17003
3854
10901
132
8454
2812
19710
21270
13239
22323
22835
5430
18054
19557
1274
15381
9529
9333
337
17800
19172
5365
15846
6906
8823
6639
18924
8916
403
17199
13088
21755
9607
1136
13256
2684
4157
4546
6318
20939
21713
20434
2317
9772
17375
16553
3833
21625
4698
3022
14822
17128
6948
17859
23468
14724
1166
917
14376
7182
3594
7224
14473
4085
8582
10905
11576
18939
1509
9272
2313
4355
19194
5562
19979
17408
15924
4319
6554
11222
21397
18998
9354
6574
12650
22281
4487
8268
8290
18540
5854
19028
2296
22403
22841
4564
15983
12155
7395
12612
11920
17388
434
6617
8956
20404
12498
13867
13545
20659
7133
1328
19064
6397
15979
13807
17737
368
12459
24074
22613
5936
1780
633
1241
11230
858
5896
18459
12078
19634
12749
10469
3409
3112
16229
2969
21184
15969
21253
9437
7466
16462
17282
18179
21958
23013
8814
5553
8523
18774
6819
6189
21074
12215
5745
22566
15111
18093
10866
3789
8197
19871
21332
5736
21122
11822
17428
11102
2476
21164
13137
17159
22880
5734
2798
529
24306
11201
7583
18039
20284
19025
14098
7978
10043
9626
9111
10397
2129
6999
5545
18212
13660
487
6308
7782
17196
23991
3770
3753
20729
5868
3167
14596
13810
2065
9683
2778
10894
135
7159
1187
3995
5355
975
23802
17501
8672
14424
24048
5803
21471
19869
7295
15623
4023
21030
1478
14172
13799
14611
11079
8849
22002
1785
23482
23434
8094
12192
18285
2813
1349
13509
18090
9902
3947
584
14496
19021
8677
23267
8174
14757
1935
18257
14814
14421
8464
20793
9794
23664
18653
7970
21051
22067
1046
10694
14542
14357
3550
13468
14765
4073
14401
5668
8099
7094
171
18509
23235
15866
8164
5251
12446
1289
5491
2270
6365
6730
15342
23601
4395
6297
12331
13755
12537
7989
21338
5782
16689
22480
12550
9582
11916
5887
10119
9554
12475
14308
11120
20632
14613
1634
17203
7329
5022
2865
12675
16263
11884
19092
19742
23357
18976
16791
11496
2583
11013
4563
14939
11252
8046
9523
3919
7732
1364
16978
11950
1801
13877
6443
12085
16945
8127
274
22931
16384
19047
23379
21398
22610
11998
5520
18633
17779
18477
21010
14046
16738
11809
12643
19100
22211
798
20301
6921
3622
9288
16319
23394
18665
17245
6353
630
22792
6288
4984
23690
7685
6485
18623
13891
3536
19687
15918
7043
11778
21467
4480
8632
22892
12809
18589
21193
16663
18414
5386
2846
23134
9212
18228
17218
22972
10625
20902
17395
12461
10844
9027
21172
6862
5528
14090
5502
19191
12006
7405
8258
9075
17839
4728
17269
13971
11000
13555
22226
8083
4783
4754
14119
14181
17148
1756
6665
21071
21370
23086
20481
3886
9041
23524
16446
19033
5585
3907
15241
5005
12951
23581
9154
18647
15679
2309
12844
8057
20509
12751
16653
6690
1071
7714
15552
2766
24288
11318
23954
9936
18169
17728
5903
16178
9509
20038
8586
7115
4247
14614
18981
22535
16955
23850
10038
9132
19919
9001
15974
13028
2828
129
13661
9559
9668
15963
423
5478
23719
