12176
4363
20523
4809
19048
4751
16317
23940
22918
7028
12269
22333
17762
14678
18802
21642
22863
11574
13469
11179
16167
5581
20063
10461
23834
20339
24194
13104
13838
1745
5389
4286
20711
20797
7895
17050
14742
13708
16814
9215
19423
12132
20973
8015
900
11758
17995
24225
6808
4094
2552
284
16921
4284
6777
14017
23904
4021
9092
15137
21953
1109
22781
4030
16298
4291
1906
7389
7210
3451
3520
5969
8638
8315
888
8726
17533
14
14387
6089
4422
13707
2611
20035
8534
8423
20196
615
10586
16075
21079
21988
5213
22548
4138
4405
15177
9996
10253
23074
11919
2645
22682
15262
19568
11224
5179
12377
19899
10638
17943
4743
21836
19972
15046
22649
23326
6677
4220
2198
21322
12182
8911
17703
6943
3739
16950
9107
10949
17400
18307
12891
7750
2696
4135
12480
9917
4535
4118
19726
8267
18833
18008
18193
23078
19893
2459
19681
16270
17738
6957
22698
20623
3379
375
4347
10277
5555
320
19655
18200
10748
20578
16587
12960
16849
10340
16379
1631
4825
12072
14197
11135
8451
14793
1638
21626
21629
6794
18032
2441
4732
21275
3
11298
5608
9972
18041
14348
22605
9988
1101
17241
11322
7106
21899
19587
8305
8873
4262
24067
6059
13989
14236
19572
23145
17650
4248
13744
8158
15648
18759
10590
22874
14018
1008
15878
19933
21567
17279
8249
12394
5749
18141
14604
22533
15237
4542
9295
16117
4241
20912
15563
5503
9136
7219
4615
4502
18119
7605
9331
8917
13326
10560
4183
2767
5839
17210
11145
18732
4807
6176
5020
10669
19504
22131
21508
14682
9010
22762
23881
4122
13246
16639
4282
19906
21408
4713
645
6559
24303
24296
18378
9818
12246
9515
9845
22806
24318
8226
2383
21082
17684
6211
12264
10233
4693
6218
6593
4641
16373
12284
13647
6229
9397
11119
17979
22288
268
2217
23173
20156
21384
8874
8507
13454
22213
5909
5723
4153
15834
21394
13073
4324
4614
4609
13620
8654
15870
2135
22704
15801
18608
14306
21124
8506
21700
23602
21324
11005
18583
6214
12607
4596
13283
4677
15417
5756
12407
12756
14558
379
9816
1727
2642
8341
11014
20128
4773
17307
6749
6892
10737
23706
6058
8024
19231
20055
4656
22236
20579
10157
4495
3639
7099
2580
12781
19022
13461
7376
13214
6116
3002
10843
23170
16816
14088
5550
11130
15178
1083
6162
7316
15075
16256
13342
1617
21219
555
10199
12356
17493
21939
4133
4243
19050
19457
17310
22909
11273
15002
16210
19748
5857
19873
5469
23358
24298
13908
4107
1049
23666
5361
7608
3897
7770
23142
15305
4333
11715
5796
22319
5961
15128
4328
5274
11885
7468
14381
2631
23856
19148
9596
14755
18810
17440
14026
12409
15340
17580
10830
4198
6063
17080
21057
6879
22910
10004
15220
7156
653
15442
22477
12371
14970
5995
20768
8067
6682
18198
9836
3129
9864
5651
13974
9052
14391
14277
17917
9039
4396
11805
5967
18061
10733
24012
20951
19029
4448
20736
4925
20050
4438
1324
23685
7804
9543
18113
13578
16125
22554
9471
6917
20381
10814
3176
572
11900
4518
18596
3062
17167
5255
23132
19763
9950
19870
10712
11431
11449
9296
18530
22218
15555
12234
21265
4180
2364
4078
20945
2020
7315
21372
3738
732
18362
17659
22905
2530
18879
22148
72
23146
23206
18071
16323
14954
4562
12355
1427
21131
700
4734
15083
9392
19087
4653
11874
11012
16836
17584
19084
21548
4254
1987
7614
18506
20914
2096
497
1783
8339
9640
4793
79
19943
13066
14055
8332
3754
4719
2760
11191
12722
24302
12914
15850
14011
4726
5953
5000
13489
1330
11147
8646
14084
182
21579
6539
12012
21029
12275
14163
987
22532
6332
4583
2163
17276
14850
22305
20462
13178
22612
18635
19467
3065
15707
13438
11258
3917
18616
21952
20496
19472
14093
5787
4449
9987
3565
7907
5823
15158
15004
4524
12838
9026
4296
2030
19060
9721
9261
12150
14151
10649
14427
4188
13772
2794
4439
4272
23963
16393
14326
4494
18121
2253
10381
21878
11720
18813
15450
10871
11581
69
20219
1752
13110
23214
11370
14101
4074
13876
2084
6090
18640
18371
9738
4692
18066
6850
141
20141
16514
14386
15437
12553
7153
15527
4662
17578
11411
4572
23740
9237
23354
1114
14813
16484
13883
22901
4681
13949
13589
22297
13471
9954
1515
2685
9809
17482
5693
7213
11572
19560
11564
10797
15276
10906
17646
18775
17623
4570
18010
7218
4083
9066
15723
2206
5800
7334
9130
4369
9145
797
17188
7305
4237
13712
8247
22033
11170
12635
20122
19287
15023
10079
16539
13485
15208
6650
14265
12484
5640
3867
8012
17293
24081
11527
20192
3171
15786
17084
20667
17367
7723
21323
5571
23599
19581
10587
8929
16396
7243
656
13081
20139
133
16477
2359
10920
8704
2491
14922
14327
22549
21534
22529
22750
705
18174
19696
20990
11104
16146
6941
19046
10749
20323
15253
19232
19520
21075
3166
8173
9361
22463
12278
17369
13713
19558
1037
15840
22584
16635
2447
14722
8983
22894
4394
5862
7283
4464
19320
12896
12184
8491
15368
14028
21667
6066
10477
12970
13138
7568
6595
19850
20786
4216
4684
16449
20391
21251
18610
22630
15781
22113
3983
4649
2756
1664
6621
9138
18276
2376
6721
13389
16275
10913
22364
14206
17610
5863
16680
12918
93
18315
7843
20943
11915
15336
15910
4730
1655
11886
6596
12791
5889
3080
1724
5894
4733
15951
23787
4618
10758
15658
18522
18570
18948
15360
17121
23558
23190
4523
15888
5667
11688
11520
13895
8935
13878
15278
2190
4574
18904
16606
21133
22363
14240
18607
8215
467
15543
7486
11250
8106
2483
14481
8059
18172
16265
10395
20977
11194
5367
14293
6217
2064
23953
9511
13096
16028
11909
15201
15631
18326
2553
10082
23645
10413
14695
22300
17254
4760
20349
16656
13694
9679
18778
11633
11588
24293
6739
22507
17879
22937
23278
16678
7036
14929
8512
16042
8066
17059
20862
20969
16499
17709
19997
8000
20636
19471
6047
22591
10817
2745
16820
16968
10818
11216
18806
3830
1577
6202
18160
515
11968
22865
3417
6901
10169
6376
13358
18229
4632
12443
10512
15513
9187
21931
4089
9732
15309
17271
19396
11486
7579
13193
17012
15010
4765
17641
21021
8667
17863
22061
10375
655
16878
7536
4364
7249
5061
21261
1164
8279
14625
17109
19146
12902
12842
4538
324
14444
2235
8992
10073
22968
24233
23654
4176
6179
4063
13481
13039
20743
2016
614
590
5458
12725
8678
9110
3212
3242
15669
3597
17436
14664
19366
4447
14166
12921
15283
4688
21716
4420
20200
16271
2283
14858
14522
4519
7353
23887
12340
3059
8852
17243
19986
15441
121
20514
20488
4642
3301
20987
23203
8809
2141
7147
24253
22443
5144
23302
4268
23800
4778
9963
24035
20721
19421
9827
4577
9440
4584
21925
169
12816
10807
16714
8050
8221
18058
7783
7577
13392
17115
13869
22872
21672
2424
3474
23415
12796
22224
15197
2237
689
3277
4718
8288
17921
16758
9694
13917
3986
13914
17162
4453
17398
13950
15392
4326
10531
17858
16327
14971
19174
11705
12115
4434
10201
5408
23607
7743
15838
6769
19951
9897
10999
11109
7729
21602
22772
21877
22429
5841
5125
3271
16634
11420
10764
18611
8378
6611
15049
9982
8078
13381
20682
20290
13390
10352
21594
3466
4533
19079
10045
12419
4597
12293
6500
902
19333
23770
6478
6419
6696
10040
12100
12261
11159
10860
23970
2952
